314.88
315.62
316.33
317.59
317.93
317.71
315.92
315.15
314.02
312.83
313.64
314.71
315.62
316.59
316.94
317.77
318.29
318.24
316.67
314.96
314.12
313.58
315.14
315.77
316.62
317.16
317.90
319.21
320.02
319.74
318.15
316.00
314.23
314.07
315.04
316.19
316.97
317.74
318.63
319.43
320.47
319.71
318.78
316.84
315.16
315.56
316.14
317.13
318.06
318.59
319.74
320.63
321.21
320.83
319.55
317.75
316.27
315.62
316.84
317.70
318.80
319.08
320.15
321.49
322.25
321.50
319.67
317.61
316.25
316.17
317.01
318.36
319.37
319.93
320.40
321.65
322.26
322.19
320.49
318.48
317.13
317.02
317.84
318.78
319.55
320.65
321.15
322.31
322.35
322.19
321.53
319.13
317.99
317.70
319.15
319.27
320.22
321.23
322.13
323.30
323.57
323.29
322.36
319.71
317.89
317.54
319.36
320.51
321.80
322.03
322.50
324.00
324.46
323.46
322.19
320.57
318.91
318.81
320.24
321.59
322.15
322.73
323.50
324.52
325.11
325.06
323.62
321.55
319.89
319.80
320.73
322.25
323.73
324.53
325.62
326.58
327.24
326.53
325.63
323.28
322.21
321.67
322.61
324.07
324.91
325.81
326.85
328.07
327.97
327.77
326.44
324.92
323.49
323.50
324.34
325.39
326.46
326.93
327.56
328.23
329.51
329.04
327.87
326.00
324.06
324.20
325.48
326.62
327.30
328.20
328.50
330.22
330.58
329.48
328.56
326.77
325.39
325.72
326.97
328.09
329.16
330.02
330.95
331.95
332.85
332.58
331.30
329.64
328.12
327.67
328.69
329.07
329.84
331.17
331.94
333.20
333.55
332.76
331.79
329.61
327.88
327.85
328.79
330.13
330.64
331.21
331.88
333.13
333.76
333.74
332.05
330.40
328.89
328.55
329.57
330.83
